Con 0.01
Lambda = 0 => MSE (Centers): 4.114520622002433e-31 MSE: 0.0218522168169184
Lambda = 0.1 => MSE (Centers): 0.0009003262533602895, MSE: 0.003967571288312388
Lambda = 0.01 => MSE (Centers): 8.479580398387975e-05, MSE: 0.003560803937524751
